City,Cloudiness,Country,Date,Humidity,Latitude,Longitude,Temperture,Wind Speed
Hilo,90,US,1533779760,83,19.71,-155.08,74.73,74.73
Puerto Ayora,0,EC,1533781229,100,-0.74,-90.35,70.39,70.39
Hermanus,0,ZA,1533781229,100,-34.42,19.24,31.24,31.24
Punta Arenas,75,CL,1533776400,86,-53.16,-70.91,41.0,41
Saskylakh,44,RU,1533781229,73,71.97,114.09,63.05,63.05
Chokurdakh,0,RU,1533781229,76,70.62,147.9,50.18,50.18
Cabo San Lucas,90,MX,1533779160,83,22.89,-109.91,79.77,79.77
Busselton,92,AU,1533781038,100,-33.64,115.35,54.05,54.05
Saldanha,0,PT,1533781230,74,41.42,-6.55,55.67,55.67
Itaituba,24,BR,1533781230,62,-4.26,-55.99,80.6,80.6
Yellowknife,75,CA,1533780000,68,62.45,-114.38,66.2,66.2
Rikitea,36,PF,1533781230,100,-23.12,-134.97,74.12,74.12
Isangel,8,VU,1533781231,100,-19.55,169.27,72.91,72.91
Divnoye,88,RU,1533781231,60,45.91,43.34,74.16,74.16
Cherskiy,0,RU,1533781231,61,68.75,161.3,52.93,52.93
Grand Gaube,40,MU,1533776400,88,-20.01,57.66,64.4,64.4
Carnarvon,0,ZA,1533781231,67,-30.97,22.13,29.93,29.93
Cidreira,100,BR,1533781231,100,-30.17,-50.22,58.6,58.6
Alta Floresta,56,BR,1533781232,71,-9.87,-56.08,80.29,80.29
Bluff,0,AU,1533781232,24,-23.58,149.07,72.23,72.23
Nichinan,75,JP,1533776400,70,31.65,131.31,85.23,85.23
Barrow,0,AR,1533781232,93,-38.31,-60.23,40.77,40.77
East London,92,ZA,1533781233,100,-33.02,27.91,56.57,56.57
Albany,90,US,1533779700,88,42.65,-73.75,72.59,72.59
Atuona,92,PF,1533781233,99,-9.8,-139.03,79.83,79.83
Iqaluit,75,CA,1533780000,71,63.75,-68.52,50.0,50
Weligama,36,LK,1533781233,92,5.97,80.42,79.3,79.3
Arraial do Cabo,0,BR,1533781234,98,-22.97,-42.02,69.8,69.8
Longyearbyen,75,NO,1533779400,87,78.22,15.63,42.8,42.8
Ushuaia,75,AR,1533776400,64,-54.81,-68.31,39.2,39.2
Hambantota,24,LK,1533781234,94,6.12,81.12,80.19,80.19
Kapaa,40,US,1533779760,65,22.08,-159.32,83.37,83.37
Port Alfred,88,ZA,1533781234,100,-33.59,26.89,54.27,54.27
Broome,76,GB,1533779760,77,52.47,1.45,61.14,61.14
Kodiak,1,US,1533775980,65,39.95,-94.76,82.4,82.4
Jamestown,0,AU,1533781218,61,-33.21,138.6,60.66,60.66
Calabozo,8,VE,1533781235,84,8.92,-67.43,76.69,76.69
Santa Cruz de la Palma,0,ES,1533780000,64,28.68,-17.76,73.4,73.4
Georgetown,40,GY,1533776400,88,6.8,-58.16,78.8,78.8
Qaanaaq,68,GL,1533781236,100,77.48,-69.36,33.53,33.53
Grand-Santi,36,GF,1533781236,97,4.27,-54.38,72.1,72.1
Provideniya,90,RU,1533778200,76,64.42,-173.23,50.0,50
Wanaka,36,NZ,1533781237,77,-44.7,169.14,42.66,42.66
Vaini,92,IN,1533781237,98,15.34,74.49,68.5,68.5
New Norfolk,75,AU,1533780000,47,-42.78,147.06,57.2,57.2
Carballo,92,ES,1533780000,93,43.21,-8.69,57.15,57.15
Margate,75,AU,1533780000,47,-43.03,147.26,57.2,57.2
Tual,32,ID,1533781238,95,-5.67,132.75,80.87,80.87
Kieta,8,PG,1533781238,93,-6.22,155.63,82.54,82.54
Castro,24,CL,1533781238,91,-42.48,-73.76,40.5,40.5
Alofi,20,NU,1533780000,60,-19.06,-169.92,75.2,75.2
Ancud,32,CL,1533781239,84,-41.87,-73.83,40.41,40.41
Camacupa,8,AO,1533781239,63,-12.02,17.48,49.1,49.1
Wakkanai,75,JP,1533776400,82,45.41,141.67,66.2,66.2
Volchansk,80,RU,1533781239,70,59.94,60.08,53.19,53.19
Saint Anthony,1,US,1533779760,17,43.97,-111.68,83.59,83.59
Quesnel,1,CA,1533780000,35,52.98,-122.49,84.2,84.2
Chuy,36,UY,1533780980,97,-33.69,-53.46,50.9,50.9
Taiyuan,0,CN,1533778200,69,37.86,112.56,80.6,80.6
Saint George,0,GR,1533775800,64,39.45,22.34,71.6,71.6
Mount Gambier,8,AU,1533781134,87,-37.83,140.78,55.44,55.44
Barahona,0,DO,1533781240,97,18.21,-71.1,82.85,82.85
Ribeira Grande,24,PT,1533781240,100,38.52,-28.7,74.3,74.3
Kavieng,48,PG,1533781241,100,-2.57,150.8,83.07,83.07
Avarua,40,CK,1533780000,73,-21.21,-159.78,75.2,75.2
Vanderhoof,8,CA,1533781241,38,54.02,-124.02,76.6,76.6
Guiratinga,92,BR,1533781241,63,-16.35,-53.76,75.87,75.87
Airai,0,TL,1533781241,47,-8.93,125.41,82.26,82.26
Senica,12,SK,1533780000,88,48.68,17.37,68.11,68.11
Saint-Philippe,90,CA,1533780360,94,45.36,-73.48,70.25,70.25
Halifax,90,CA,1533780000,100,44.65,-63.58,67.26,67.26
Henties Bay,0,NA,1533781242,100,-22.12,14.28,50.05,50.05
Luganville,32,VU,1533781242,99,-15.51,167.18,78.04,78.04
Maragogi,92,BR,1533781242,91,-9.01,-35.22,73.62,73.62
Necochea,76,AR,1533781243,98,-38.55,-58.74,44.42,44.42
Kathmandu,40,NP,1533779400,78,27.71,85.32,75.2,75.2
Neutraubling,1,DE,1533779760,88,48.99,12.19,64.81,64.81
Awjilah,0,LY,1533781243,30,29.14,21.3,89.37,89.37
Port Antonio,20,JM,1533780000,66,18.18,-76.45,86.0,86
Faya,5,SA,1533776400,68,18.39,42.45,67.14,67.14
Klaksvik,64,FO,1533779400,100,62.23,-6.59,50.0,50
Port Augusta,0,AU,1533780000,42,-32.49,137.76,66.2,66.2
Tuktoyaktuk,90,CA,1533780000,93,69.44,-133.03,39.2,39.2
Katsuura,75,JP,1533776400,65,33.93,134.5,82.4,82.4
Kaitangata,80,NZ,1533781245,92,-46.28,169.85,50.27,50.27
Mareeba,40,AU,1533780000,51,-16.99,145.42,80.6,80.6
Ilulissat,75,GL,1533779400,93,69.22,-51.1,39.2,39.2
Monrovia,75,LR,1533780000,94,6.33,-10.8,75.2,75.2
Nome,1,US,1533779700,83,30.04,-94.42,79.65,79.65
Palora,48,EC,1533781245,99,-1.7,-77.97,59.85,59.85
Lompoc,1,US,1533780120,72,34.64,-120.46,71.71,71.71
Te Anau,88,NZ,1533781246,88,-45.41,167.72,46.54,46.54
Mataura,92,NZ,1533781246,85,-46.19,168.86,52.47,52.47
Calbuco,0,CL,1533776400,93,-41.77,-73.13,41.0,41
Oum Hadjer,92,TD,1533781246,100,13.3,19.7,68.0,68
Nikolskoye,0,RU,1533778200,76,59.7,30.79,57.2,57.2
Gladstone,0,AU,1533781182,59,-23.84,151.26,69.08,69.08
Hobart,75,AU,1533780000,47,-42.88,147.33,57.2,57.2
Gulu,8,UG,1533781247,93,2.77,32.3,61.56,61.56
Oktyabrskoye,0,RU,1533781247,67,56.73,85.44,68.18,68.18
Buloh Kasap,75,MY,1533776400,83,2.55,102.76,82.4,82.4
Yumen,0,CN,1533781248,35,40.29,97.04,82.18,82.18
Bubaque,100,GW,1533781248,100,11.28,-15.83,76.69,76.69
Starobaltachevo,92,RU,1533781248,100,56,55.92,59.68,59.68
Tiksi,0,RU,1533781248,73,71.64,128.87,60.12,60.12
Kijang,75,KR,1533776400,62,35.24,129.21,87.8,87.8
Milkovo,8,BG,1533780000,100,41.53,24.68,69.96,69.96
Saraiu,0,RO,1533780000,82,44.72,28.16,66.2,66.2
Richards Bay,92,ZA,1533781249,95,-28.77,32.06,53.46,53.46
Padang,92,ID,1533781249,100,-0.92,100.36,78.4,78.4
Caravelas,64,BR,1533781249,99,-17.73,-39.27,76.41,76.41
Souillac,100,FR,1533780000,93,45.6,-0.6,62.6,62.6
El Dorado,20,VE,1533781250,83,6.71,-61.64,74.93,74.93
Sao Filipe,92,CV,1533781250,100,14.9,-24.5,75.38,75.38
Nichlaul,100,IN,1533781250,90,27.32,83.73,75.06,75.06
Lebu,80,ET,1533781251,89,8.96,38.73,46.58,46.58
Loandjili,90,CG,1533780000,88,-4.77,11.87,69.8,69.8
Serenje,0,ZM,1533781251,50,-13.23,30.22,53.65,53.65
Freeport,0,BS,1533781251,96,26.54,-78.7,84.16,84.16
Nhulunbuy,20,AU,1533780000,48,-12.18,136.78,82.4,82.4
Narsaq,80,GL,1533779400,81,60.91,-46.05,46.4,46.4
Kosh-Agach,8,RU,1533781252,85,49.99,88.66,54.32,54.32
Horasan,88,TR,1533781252,91,40.04,42.16,53.1,53.1
Grindavik,75,IS,1533778200,87,63.84,-22.43,47.52,47.52
Nguru,80,NG,1533781252,79,12.88,10.45,76.15,76.15
Dikson,48,RU,1533781253,77,73.51,80.55,50.67,50.67
Maceio,75,BR,1533776400,88,-9.67,-35.74,73.4,73.4
Praia da Vitoria,0,PT,1533776400,88,38.73,-27.07,68.0,68
Zomin,0,UZ,1533781253,37,39.96,68.4,81.5,81.5
Fort Nelson,20,CA,1533780000,26,58.81,-122.69,82.4,82.4
Boras,90,SE,1533779400,93,57.72,12.94,64.4,64.4
Benguela,56,AO,1533781254,100,-12.58,13.4,65.07,65.07
Torbay,90,CA,1533780000,93,47.66,-52.73,66.2,66.2
Biak,88,ID,1533781254,93,-0.91,122.88,78.62,78.62
Clyde River,90,CA,1533780000,86,70.47,-68.59,41.0,41
Palana,92,RU,1533781254,97,59.08,159.95,56.03,56.03
Nouadhibou,75,MR,1533780000,88,20.93,-17.03,69.8,69.8
Cienaga,75,CO,1533776400,70,11.01,-74.25,84.29,84.29
Saint-Joseph,0,FR,1533780000,83,43.56,6.97,70.93,70.93
Upernavik,92,GL,1533781255,96,72.79,-56.15,39.6,39.6
Shyryayeve,0,UA,1533781255,72,47.38,30.2,60.98,60.98
Mackenzie,20,CA,1533780000,47,55.34,-123.09,75.2,75.2
Rocha,64,UY,1533781256,98,-34.48,-54.34,47.26,47.26
Dakar,92,SN,1533780000,78,14.69,-17.45,80.6,80.6
Beringovskiy,68,RU,1533781256,89,63.05,179.32,53.82,53.82
Xuddur,32,SO,1533781256,91,4.12,43.89,67.37,67.37
Beloha,100,MG,1533781256,91,-25.17,45.06,65.61,65.61
Bethel,90,US,1533779580,67,60.79,-161.76,57.2,57.2
Doha,48,QA,1533776400,84,25.29,51.53,89.6,89.6
Atar,20,MR,1533781257,72,20.52,-13.05,75.2,75.2
Liberty,90,US,1533779760,88,39.64,-84.93,72.7,72.7
Ponta do Sol,44,BR,1533781258,96,-20.63,-46,58.5,58.5
Saint-Augustin,56,FR,1533780000,93,44.83,-0.61,64.4,64.4
Yangambi,48,CD,1533781258,100,0.77,24.47,68.14,68.14
Kanina,0,CD,1533781259,41,-10.73,25.47,56.89,56.89
Dudinka,80,RU,1533781259,71,69.41,86.18,57.92,57.92
Khatanga,12,RU,1533781259,84,71.98,102.47,61.2,61.2
Wawa,88,NG,1533781259,96,9.9,4.41,69.53,69.53
Meulaboh,44,ID,1533781260,100,4.14,96.13,80.15,80.15
Oistins,40,BB,1533780000,74,13.07,-59.53,80.6,80.6
Ashland,1,US,1533780060,83,38.48,-82.64,74.23,74.23
San Cosme y Damian,75,PY,1533776400,66,-27.32,-56.35,55.4,55.4
Bredasdorp,48,ZA,1533780000,93,-34.53,20.04,35.6,35.6
Berlevag,48,NO,1533781261,100,70.86,29.09,44.74,44.74
Sitka,0,US,1533781261,90,37.17,-99.65,69.17,69.17
Kampot,92,KH,1533781261,100,10.62,104.18,73.67,73.67
Samarai,36,PG,1533781261,100,-10.62,150.67,78.17,78.17
Severo-Kurilsk,56,RU,1533781261,90,50.68,156.12,55.22,55.22
Russell,0,AR,1533776400,60,-33.01,-68.8,42.8,42.8
Mandalgovi,0,MN,1533781262,74,45.76,106.27,73.81,73.81
Araouane,12,ML,1533781262,53,18.9,-3.53,83.52,83.52
Koumac,64,NC,1533781262,71,-20.56,164.28,74.97,74.97
Rome,0,IT,1533779400,88,41.89,12.48,73.02,73.02
Mehamn,68,NO,1533781263,95,71.03,27.85,45.1,45.1
Carutapera,48,BR,1533781263,84,-1.2,-46.02,78.75,78.75
Guerrero Negro,24,MX,1533781263,58,27.97,-114.04,84.2,84.2
Belomorsk,12,RU,1533781263,76,64.52,34.76,59.45,59.45
Mopipi,0,BW,1533781263,46,-21.2,24.86,56.8,56.8
Neuquen,0,AR,1533776400,73,-38.95,-68.06,44.6,44.6
Cape Town,0,ZA,1533780000,81,-33.93,18.42,46.4,46.4
Poum,0,MK,1533781264,90,41.28,20.71,55.85,55.85
Marawi,12,PH,1533781264,66,8,124.29,81.68,81.68
Wangqing,100,CN,1533781264,99,43.31,129.76,67.69,67.69
Cap Malheureux,40,MU,1533776400,88,-19.98,57.61,64.4,64.4
Naze,75,NG,1533780000,94,5.43,7.07,75.2,75.2
Virginia Beach,40,US,1533779940,65,36.85,-75.98,82.85,82.85
Pevek,0,RU,1533781265,100,69.7,170.27,41.72,41.72
Eirunepe,12,BR,1533781265,94,-6.66,-69.87,74.03,74.03
Hamilton,20,BM,1533779700,74,32.3,-64.78,80.6,80.6
Port Macquarie,0,AU,1533780000,37,-31.43,152.91,66.2,66.2
Taksimo,12,RU,1533781266,71,56.36,114.84,56.8,56.8
Shenxian,24,CN,1533781266,91,36.24,115.67,88.83,88.83
Luderitz,0,NA,1533781266,92,-26.65,15.16,52.43,52.43
Kazerun,0,IR,1533781267,36,29.62,51.65,75.51,75.51
Opotiki,0,NZ,1533781267,95,-38.01,177.29,58.55,58.55
Algarrobo,8,CO,1533781267,78,10.19,-74.06,72.55,72.55
Homer,90,US,1533779580,48,59.64,-151.54,62.53,62.53
Bambous Virieux,40,MU,1533776400,88,-20.34,57.76,64.4,64.4
Codrington,0,AU,1533781268,62,-28.95,153.24,63.55,63.55
Maumere,0,ID,1533781268,92,-8.63,122.22,83.75,83.75
Vostok,88,RU,1533781268,68,46.45,135.83,72.55,72.55
Zatoka,0,PL,1533780000,88,50.04,20.52,66.2,66.2
Burns Lake,12,CA,1533781268,48,54.23,-125.76,70.3,70.3
Kuvandyk,12,RU,1533781269,76,51.48,57.35,64.26,64.26
Colorado Springs,40,US,1533779880,49,38.83,-104.83,68.29,68.29
Sawtell,0,AU,1533778200,37,-30.38,153.1,66.2,66.2
Hofn,68,IS,1533781269,99,64.25,-15.21,47.75,47.75
Nanortalik,80,GL,1533781269,98,60.14,-45.24,42.31,42.31
Puerto Colombia,40,CO,1533780000,83,10.99,-74.96,82.4,82.4
Novoanninskiy,0,RU,1533781248,69,50.53,42.67,60.12,60.12
Vila Velha,40,BR,1533780000,78,-3.71,-38.6,78.8,78.8
Sisimiut,100,GL,1533781270,100,66.94,-53.67,35.1,35.1
Rawson,20,AR,1533781270,90,-43.3,-65.11,39.38,39.38
Port Elizabeth,1,US,1533779760,94,39.31,-74.98,81.23,81.23
Husavik,0,CA,1533781270,76,50.56,-96.99,68.5,68.5
Olga,1,US,1533779880,25,34.11,-118.17,87.08,87.08
Mahebourg,40,MU,1533780000,88,-20.41,57.7,64.4,64.4
Morros,0,BR,1533780000,88,-2.87,-44.04,77.0,77
Hithadhoo,8,MV,1533781271,100,-0.6,73.08,82.58,82.58
Portland,90,US,1533779580,32,45.52,-122.67,90.59,90.59
Kyrylivka,0,UA,1533781272,57,47.32,37.67,63.91,63.91
Hailar,64,CN,1533781272,92,49.2,119.7,68.9,68.9
Makakilo City,1,US,1533779820,55,21.35,-158.09,84.18,84.18
Petatlan,75,MX,1533778920,69,17.52,-101.27,82.4,82.4
Sorland,88,NO,1533781272,97,67.67,12.69,59.22,59.22
Eureka,90,US,1533779940,100,40.8,-124.16,57.31,57.31
Juneau,90,US,1533779760,87,58.3,-134.42,57.99,57.99
San Cristobal,40,EC,1533776400,87,-0.39,-78.55,50.0,50
Kushima,75,JP,1533776400,70,31.5,131.29,85.19,85.19
Salinopolis,44,BR,1533781273,97,-0.61,-47.36,79.88,79.88
Goure,12,NE,1533781274,88,13.98,10.27,74.48,74.48
Paungde,36,MM,1533781274,96,18.49,95.51,82.54,82.54
Lagoa,0,PT,1533780000,73,37.14,-8.45,69.8,69.8
Guerande,0,FR,1533780000,93,48.47,-4.17,57.56,57.56
Csurgo,12,HU,1533781274,79,46.25,17.1,67.95,67.95
Thompson,75,CA,1533780000,82,55.74,-97.86,64.4,64.4
Ust-Kulom,0,RU,1533781275,80,61.69,53.69,52.11,52.11
Bowen,0,AU,1533776400,38,-20.01,148.25,73.4,73.4
Gravelbourg,80,CA,1533781275,47,49.88,-106.56,81.19,81.19
Wamba,0,CD,1533781275,94,2.14,27.99,65.97,65.97
Defiance,1,US,1533780900,100,41.28,-84.36,70.99,70.99
Sinaloa,20,MX,1533779820,41,32.55,-115.28,101.3,101.3
Cuamba,0,MZ,1533781276,65,-14.8,36.54,52.02,52.02
Conde,92,BR,1533781276,92,-11.81,-37.61,74.03,74.03
Coquimbo,20,CL,1533776400,93,-29.95,-71.34,53.6,53.6
Altamont,1,CA,1533779700,69,49.4,-98.5,73.4,73.4
Zambezi,0,ZM,1533781277,62,-13.55,23.12,53.37,53.37
Ocos,75,GT,1533778860,88,14.51,-92.19,80.6,80.6
Mildura,0,AU,1533781277,75,-34.18,142.16,60.94,60.94
Katrineholm,0,SE,1533779400,94,59,16.21,66.79,66.79
Namibe,64,AO,1533781278,100,-15.19,12.15,65.12,65.12
Tasiilaq,64,GL,1533779400,93,65.61,-37.64,37.4,37.4
Nadvoitsy,0,RU,1533781278,77,63.89,34.27,57.38,57.38
Corral Nuevo,75,MX,1533778980,74,18.11,-95.11,84.2,84.2
Shiyan,0,CN,1533781035,67,32.65,110.78,87.85,87.85
Bilibino,8,RU,1533781279,51,68.06,166.44,52.07,52.07
West Bay,20,GB,1533777600,93,50.71,-2.76,56.43,56.43
Ambilobe,0,MG,1533781279,83,-13.19,49.05,57.47,57.47
Chernyshevskiy,32,RU,1533781279,58,63.01,112.47,60.57,60.57
Jalu,0,LY,1533781279,35,29.03,21.55,86.22,86.22
Noumea,75,NC,1533780000,53,-22.28,166.46,77.0,77
Santiago del Estero,0,AR,1533781280,35,-27.8,-64.26,50.31,50.31
Merrill,1,US,1533779580,26,42.03,-121.6,91.4,91.4
Nanchong,12,CN,1533781280,79,30.8,106.08,86.9,86.9
Barcelos,75,PT,1533780000,93,41.53,-8.62,60.8,60.8
Chumikan,92,RU,1533781281,98,54.72,135.31,54.91,54.91
Troitsko-Pechorsk,8,RU,1533781281,76,62.71,56.19,53.56,53.56
Lashma,0,RU,1533781281,88,54.93,41.14,54.64,54.64
Livingston,40,US,1533776280,66,32.58,-88.19,83.05,83.05
Esperance,0,TT,1533780000,83,10.24,-61.45,78.8,78.8
Komsomolskiy,100,RU,1533781282,100,67.55,63.78,50.27,50.27
Nizhnedevitsk,0,RU,1533778200,81,51.55,38.36,51.8,51.8
Talnakh,24,RU,1533781282,63,69.49,88.39,56.7,56.7
Gambela,36,ET,1533781282,89,8.25,34.59,56.93,56.93
Mount Isa,0,AU,1533780000,13,-20.73,139.49,73.4,73.4
Fort Wellington,36,GY,1533781283,97,6.4,-57.6,81.91,81.91
Pangnirtung,0,CA,1533781283,84,66.15,-65.72,42.04,42.04
Hobyo,12,SO,1533781283,84,5.35,48.53,75.69,75.69
Severinia,40,BR,1533776400,72,-20.81,-48.8,68.0,68
Mar del Plata,8,AR,1533781283,72,-46.43,-67.52,44.33,44.33
Murfreesboro,20,US,1533779760,78,35.85,-86.39,76.39,76.39
Xingyi,92,CN,1533781284,100,24.19,102.82,65.07,65.07
Muros,40,ES,1533780000,100,42.77,-9.06,55.4,55.4
Itarema,0,BR,1533781284,86,-2.92,-39.92,75.83,75.83
Ketchikan,90,US,1533779760,77,55.34,-131.65,64.4,64.4
Nizhniy Ufaley,68,RU,1533781285,100,55.91,59.99,60.31,60.31
Katangli,20,RU,1533781285,89,51.71,143.23,57.02,57.02
Galveston,1,US,1533780900,94,40.58,-86.19,70.07,70.07
Seymchan,88,RU,1533781286,94,62.93,152.39,54.45,54.45
Kahului,75,US,1533780600,83,20.89,-156.47,78.15,78.15
Dutse,88,NG,1533781286,88,11.76,9.34,71.42,71.42
Zhigansk,44,RU,1533781286,44,66.77,123.37,72.23,72.23
Ajdabiya,20,LY,1533781287,30,30.75,20.22,85.28,85.28
Khorixas,0,NA,1533781287,86,-20.37,14.96,39.2,39.2
Nalut,12,LY,1533781287,62,31.86,10.98,70.97,70.97
Vestmannaeyjar,68,IS,1533781287,90,63.44,-20.27,49.6,49.6
Homa Bay,0,KE,1533781287,97,-0.53,34.45,65.3,65.3
Bathsheba,40,BB,1533780000,74,13.22,-59.52,80.6,80.6
Ribeira Brava,40,PT,1533780000,60,32.65,-17.07,73.4,73.4
Yeppoon,0,AU,1533780000,23,-23.13,150.74,73.4,73.4
Minas de Barroteran,0,MX,1533781288,38,27.63,-101.28,87.4,87.4
Walvis Bay,0,NA,1533781288,100,-22.95,14.51,54.5,54.5
Cisarua,20,ID,1533780000,58,-6.67,106.94,84.06,84.06
Harda,48,IN,1533781289,91,22.34,77.09,77.58,77.58
Novopskov,0,UA,1533781289,75,49.54,39.1,56.52,56.52
Itoman,40,JP,1533779760,79,26.12,127.67,87.22,87.22
Buncrana,32,GB,1533781289,100,55.14,-7.45,52.39,52.39
Gallup,1,US,1533779580,10,35.53,-108.74,86.11,86.11
Ramhormoz,0,IR,1533776400,27,31.28,49.6,87.8,87.8
Metlika,0,SI,1533780000,94,45.65,15.32,69.8,69.8
Trelew,20,AR,1533781290,90,-43.25,-65.31,39.38,39.38
Mitsamiouli,0,KM,1533781290,100,-11.38,43.28,72.55,72.55
Port Hawkesbury,90,CA,1533780000,88,45.62,-61.36,66.2,66.2
Faanui,68,PF,1533781290,97,-16.48,-151.75,80.82,80.82
Najran,5,SA,1533776400,37,17.54,44.22,82.4,82.4
Miragoane,0,HT,1533781291,97,18.44,-73.09,84.38,84.38
Gamba,12,CN,1533781291,80,28.28,88.52,40.77,40.77
Avera,90,US,1533780660,69,33.19,-82.53,79.54,79.54
Sola,40,NO,1533779400,93,58.89,5.65,54.39,54.39
Mastic Beach,75,US,1533779760,100,40.77,-72.85,78.53,78.53
Camapua,32,BR,1533781292,97,-19.53,-54.04,63.5,63.5
Quatis,0,BR,1533781292,90,-22.41,-44.26,49.77,49.77
Siocon,48,PH,1533781292,90,11.03,124.04,86.68,86.68
Am Timan,92,TD,1533781292,97,11.04,20.28,70.66,70.66
Cabrobo,0,BR,1533781293,61,-8.51,-39.31,73.67,73.67
Butaritari,56,KI,1533781293,100,3.07,172.79,84.38,84.38
Fairbanks,90,US,1533779880,38,64.84,-147.72,61.43,61.43
Nova Granada,40,BR,1533776400,72,-20.53,-49.32,68.0,68
Fabriano,0,IT,1533780420,93,43.34,12.9,66.2,66.2
Dolores,0,AR,1533781294,90,-36.31,-57.68,45.19,45.19
ChengDe,8,CN,1533781294,80,40.97,117.93,80.91,80.91
Shimoda,40,JP,1533776400,74,34.7,138.93,86.0,86
Sao Joao da Barra,80,BR,1533781274,98,-21.64,-41.05,73.71,73.71
Vanimo,24,PG,1533781294,100,-2.67,141.3,83.3,83.3
Novikovo,0,UA,1533781295,100,45.05,34.56,65.25,65.25
Hervey Bay,0,AU,1533781295,91,-25.3,152.85,66.2,66.2
Kununurra,0,AU,1533780000,10,-15.77,128.74,80.6,80.6
Sojat,92,IN,1533781295,97,25.92,73.67,76.5,76.5
Nkayi,68,CG,1533781295,75,-4.18,13.29,68.9,68.9
Palmares do Sul,90,BR,1533776400,100,-30.26,-50.51,59.0,59
Naryan-Mar,0,RU,1533781296,68,67.67,53.09,54.68,54.68
Olyka,0,UA,1533781296,73,50.73,25.81,64.08,64.08
Badarpur,92,IN,1533781296,100,24.87,92.56,76.86,76.86
Sayyan,8,YE,1533781296,92,15.17,44.32,49.95,49.95
Atbasar,0,KZ,1533781297,59,51.81,68.36,76.06,76.06
Martapura,32,ID,1533781297,71,-3.41,114.85,86.85,86.85
Guacimo,88,CO,1533781108,98,8.09,-76.36,73.13,73.13
Kalmunai,44,LK,1533781297,88,7.42,81.82,79.47,79.47
Muravlenko,0,RU,1533781297,89,63.79,74.5,60.57,60.57
Coihaique,76,CL,1533776400,80,-45.58,-72.07,38.14,38.14
Sao Jose da Coroa Grande,92,BR,1533781298,91,-8.9,-35.15,73.62,73.62
Kulu,48,CD,1533781298,100,3.47,23.69,68.27,68.27
Ankang,20,CN,1533781298,85,32.73,108.99,79.07,79.07
Aksarka,48,RU,1533781298,92,66.56,67.8,51.12,51.12
Pochutla,75,MX,1533778860,70,15.74,-96.47,84.2,84.2
Ambon,100,FR,1533780000,82,47.55,-2.56,60.8,60.8
Lahad Datu,8,MY,1533781023,72,5.02,118.33,87.35,87.35
Alta,92,NO,1533779400,87,69.97,23.27,46.13,46.13
Senanga,0,ZM,1533781299,38,-16.1,23.3,54.36,54.36
Kisanga,0,CD,1533781299,44,-11.72,27.4,53.1,53.1
Rio Gallegos,0,AR,1533776400,70,-51.62,-69.22,42.8,42.8
Tsybli,0,UA,1533778200,93,49.99,31.57,53.6,53.6
Tuy Hoa,88,VN,1533781300,94,13.08,109.3,80.19,80.19
Rampur,44,IN,1533781300,96,28.8,79.03,83.25,83.25
Laerdalsoyri,88,NO,1533781300,100,61.1,7.48,51.12,51.12
Tuatapere,88,NZ,1533781300,100,-46.13,167.69,51.31,51.31
Zeya,88,RU,1533781301,89,53.74,127.27,63.5,63.5
Caconda,20,AO,1533781301,84,-13.73,15.06,44.33,44.33
Malayal,40,PH,1533776400,74,7.21,121.94,86.0,86
Tutoia,8,BR,1533781301,81,-2.76,-42.27,78.21,78.21
Phan Thiet,92,VN,1533781004,100,10.93,108.1,77.31,77.31
Victoria,75,BN,1533780000,74,5.28,115.24,85.21,85.21
Igarka,92,RU,1533781302,91,67.47,86.57,54.23,54.23
Yarmouth,92,GB,1533775800,87,50.71,-1.5,58.41,58.41
Kearney,1,US,1533779580,69,40.7,-99.08,80.19,80.19
Beni Suef,0,EG,1533781302,72,29.07,31.1,73.18,73.18
Sao Felix do Xingu,0,BR,1533781303,62,-6.64,-51.99,80.37,80.37
Ca Mau,92,VN,1533781303,100,9.18,105.15,78.35,78.35
Dhone,12,IN,1533781303,69,15.4,77.87,80.33,80.33
Half Moon Bay,90,US,1533780000,93,37.46,-122.43,71.04,71.04
Ampanihy,32,MG,1533781303,95,-24.69,44.75,63.45,63.45
Erechim,90,BR,1533776400,100,-27.64,-52.27,55.4,55.4
Caninde de Sao Francisco,8,BR,1533781304,80,-9.66,-37.79,70.2,70.2
Zhangjiakou,0,CN,1533781064,63,40.77,114.88,81.45,81.45
Lata,32,IN,1533781304,100,30.78,78.62,63.19,63.19
Ambalavao,0,MG,1533781304,76,-21.83,46.94,39.87,39.87
Chapais,90,CA,1533780000,77,49.78,-74.86,69.8,69.8
Iwanai,92,JP,1533781305,84,42.97,140.51,73.62,73.62
Norman Wells,90,CA,1533780000,100,65.28,-126.83,46.4,46.4
Moose Factory,90,CA,1533780060,88,51.26,-80.61,68.0,68
Cabinda,64,AO,1533781305,99,-5.56,12.19,69.85,69.85
Aksu,20,KZ,1533778200,64,52.04,76.93,69.8,69.8
Qaqortoq,92,GL,1533779400,81,60.72,-46.03,46.4,46.4
Vladimir,0,RU,1533781306,88,56.13,40.41,52.43,52.43
Jijiga,92,ET,1533781306,96,9.35,42.8,57.6,57.6
San Juan,40,PR,1533779760,78,18.47,-66.12,82.4,82.4
Bulanon,44,PH,1533781308,77,10.92,123.47,87.75,87.75
Lasa,75,CY,1533780000,83,34.92,32.53,78.01,78.01
Lyuban,68,BY,1533781308,84,52.8,28,61.2,61.2
Hinton,0,CA,1533781308,37,53.4,-117.57,73.13,73.13
Sarangani,64,PH,1533781308,100,5.4,125.46,82.9,82.9
Rodino,0,RU,1533781309,63,52.5,80.2,71.1,71.1
Shenjiamen,20,CN,1533781309,92,29.96,122.3,84.6,84.6
Comodoro Rivadavia,0,AR,1533776400,57,-45.87,-67.48,50.0,50
Bada,68,NG,1533781309,91,12.41,4.51,73.67,73.67
Port Moresby,40,PG,1533776400,62,-9.47,147.16,86.0,86
Salalah,90,OM,1533775800,88,17.01,54.1,78.8,78.8
Debre Sina,92,ET,1533781310,90,9.85,39.76,50.95,50.95
Wick,92,GB,1533779760,93,51.45,-2.43,57.0,57
Macamic,40,CA,1533780000,88,48.75,-79,62.6,62.6
Lavrentiya,80,RU,1533781310,100,65.58,-170.99,44.65,44.65
Broken Hill,0,AU,1533781311,58,-31.97,141.45,64.9,64.9
Matay,0,EG,1533781311,73,28.42,30.79,72.5,72.5
Arkhangelsk,40,RU,1533778200,66,64.54,40.54,55.4,55.4
Muriwai Beach,20,NZ,1533780000,67,-36.82,174.45,60.8,60.8
Ambovombe,88,MG,1533781311,95,-25.18,46.09,68.41,68.41
Puntarenas,0,CR,1533776400,69,9.98,-84.84,75.2,75.2
Paraiso,75,MX,1533779220,64,24.01,-104.61,68.0,68
Makat,44,KZ,1533781312,68,47.65,53.35,72.32,72.32
Djambala,44,CG,1533781312,92,-2.55,14.76,70.3,70.3
Marsh Harbour,0,BS,1533781312,100,26.54,-77.06,82.98,82.98
Borovskoy,24,KZ,1533781312,80,53.8,64.15,71.65,71.65
Erbaa,75,TR,1533779400,83,40.67,36.56,71.6,71.6
Xining,64,CN,1533781313,76,36.62,101.77,62.91,62.91
Okato,0,NZ,1533781313,94,-39.19,173.88,55.81,55.81
Waxahachie,1,US,1533779700,52,32.39,-96.85,89.47,89.47
Kargil,64,PK,1533781313,100,34.56,76.13,33.53,33.53
Kuruman,88,ZA,1533781314,59,-27.46,23.43,41.58,41.58
Dhidhdhoo,36,MV,1533781172,94,6.88,73.1,84.38,84.38
Zelenoborskiy,48,RU,1533781314,69,66.84,32.36,61.43,61.43
Saiha,48,IN,1533781314,91,22.49,92.98,75.92,75.92
Miroslav,0,CZ,1533780000,77,48.95,16.31,70.72,70.72
Termez,0,AF,1533778200,49,37.23,67.28,81.05,81.05
Bandarbeyla,0,SO,1533781314,87,9.49,50.81,79.52,79.52
Waitati,68,NZ,1533781315,95,-45.75,170.57,48.33,48.33
Kruisfontein,80,ZA,1533781315,100,-34,24.73,47.26,47.26
Erzin,20,TR,1533779400,69,36.95,36.2,79.68,79.68
San Patricio,0,PY,1533781315,81,-26.98,-56.83,50.67,50.67
Palmer,20,AU,1533780000,48,-34.85,139.16,64.4,64.4
Buraydah,0,SA,1533776400,33,26.33,43.97,86.0,86
Buala,88,SB,1533781316,82,-8.15,159.59,82.0,82
Bukachacha,68,RU,1533781316,82,52.99,116.91,65.25,65.25
Brae,80,GB,1533779400,81,60.4,-1.35,53.6,53.6
Tucuman,0,PE,1533781316,61,-17.17,-70.89,51.53,51.53
Cayenne,0,GF,1533778200,94,4.94,-52.33,77.0,77
Haines Junction,92,CA,1533781317,75,60.75,-137.51,51.08,51.08
Akureyri,90,IS,1533776400,93,65.68,-18.09,42.8,42.8
Dwarka,40,IN,1533780000,83,28.58,77.04,84.2,84.2
Kutum,0,SD,1533781317,89,14.2,24.66,64.22,64.22
Alice Springs,0,AU,1533780000,15,-23.7,133.88,69.8,69.8
Gat,92,SN,1533781318,91,14.69,-16.54,77.72,77.72
Westport,56,IE,1533781318,99,53.8,-9.52,51.04,51.04
Coron,0,FR,1533780000,77,47.13,-0.65,62.6,62.6
Glubokiy,0,RU,1533781318,64,48.52,40.33,61.3,61.3
Sobolevo,48,RU,1533781318,83,54.43,31.9,59.63,59.63
Kalemie,0,CD,1533781319,99,-5.95,29.2,73.0,73
Avigliano,0,IT,1533781319,84,40.73,15.72,58.06,58.06
Harrisburg,20,US,1533779760,74,40.27,-76.89,77.88,77.88
Sioux Lookout,75,CA,1533780000,88,50.1,-91.92,69.84,69.84
Wadena,0,CA,1533781080,58,51.95,-103.8,70.83,70.83
Fairlie,1,US,1533779760,58,33.31,-95.96,82.35,82.35
Puerto Narino,0,CO,1533780000,100,-3.77,-70.38,77.0,77
Khvoynaya,0,RU,1533781320,86,58.9,34.53,51.76,51.76
Kavaratti,92,IN,1533781320,96,10.57,72.64,82.54,82.54
Murray Bridge,0,AU,1533781227,88,-35.12,139.28,59.72,59.72
Yulara,0,AU,1533780000,14,-25.24,130.99,69.8,69.8
Miri,88,NG,1533781321,99,10.31,9.75,67.5,67.5
Aykhal,0,RU,1533781321,62,65.95,111.51,59.18,59.18
Ponta Delgada,20,PT,1533780000,82,37.73,-25.67,68.0,68
Ilo,12,PE,1533781321,100,-17.65,-71.34,54.05,54.05
Onguday,0,RU,1533781321,84,50.75,86.14,62.19,62.19
Port Hardy,20,CA,1533780000,60,50.7,-127.42,69.8,69.8
Basingstoke,92,GB,1533779760,87,51.26,-1.09,59.4,59.4
Kholodnyy,76,RU,1533781322,87,62.72,147.95,51.76,51.76
Port Hedland,0,AU,1533780000,11,-20.31,118.58,78.8,78.8
High Level,20,CA,1533780000,28,58.52,-117.13,82.4,82.4
Tautira,75,PF,1533780000,69,-17.73,-149.15,78.8,78.8
Dingle,92,PH,1533781323,97,11,122.67,77.41,77.41
Natal,20,BR,1533776400,78,-5.81,-35.21,77.0,77
Damavand,20,IR,1533778200,39,35.72,52.07,80.6,80.6
Hasaki,75,JP,1533779400,94,35.73,140.83,78.04,78.04
Mikhaylovka,48,RU,1533781324,73,52.96,103.29,67.37,67.37
Florencia,12,CO,1533781324,100,1.62,-75.61,64.85,64.85
Lewistown,1,US,1533780900,88,40.39,-90.15,69.84,69.84
Iralaya,80,HN,1533781324,100,15,-83.23,78.21,78.21
Okha,92,RU,1533781324,94,53.59,142.95,59.0,59
Beyneu,24,KZ,1533781325,55,45.32,55.19,79.47,79.47
Hami,0,CN,1533781325,46,42.84,93.51,87.17,87.17
Itupiranga,0,BR,1533776400,83,-5.13,-49.33,77.0,77
Tilichiki,32,RU,1533781325,74,60.47,166.1,62.82,62.82
Lola,92,GN,1533781325,99,7.8,-8.53,67.95,67.95
Karauli,68,IN,1533781326,99,26.5,77.03,79.88,79.88
Toora-Khem,92,RU,1533781326,81,52.47,96.11,60.57,60.57
Amahai,88,ID,1533781326,100,-3.31,129,79.47,79.47
Cervo,24,BR,1533781326,84,-22.19,-46.24,52.25,52.25
Kollam,75,IN,1533780000,94,8.88,76.6,73.4,73.4
Geraldton,40,CA,1533780000,93,49.72,-86.95,60.8,60.8
Atlantic Beach,75,US,1533779760,83,30.33,-81.4,79.86,79.86
Bagamoyo,75,MZ,1533776400,63,-25.89,32.56,62.6,62.6
Nizhnyaya Salda,92,RU,1533781327,100,58.07,60.71,53.46,53.46
Smila,0,UA,1533781327,87,49.23,31.88,56.97,56.97
Lipin Bor,0,RU,1533781327,100,60.26,37.97,57.2,57.2
Santa Rosalia,0,IT,1533779700,73,38.07,13.27,75.0,75
Valkla,0,EE,1533779400,77,59.48,25.33,64.4,64.4
Suamico,1,US,1533779760,73,44.63,-88.04,73.96,73.96
Beihai,0,CN,1533778200,58,38.95,121.19,86.0,86
Ternate,75,PH,1533776400,94,14.29,120.72,82.4,82.4
Vestmanna,80,FO,1533779400,100,62.16,-7.17,50.0,50
Lorengau,8,PG,1533781329,95,-2.02,147.27,84.96,84.96
Raudeberg,80,NO,1533779400,82,61.99,5.14,59.0,59
Shirokiy,0,RU,1533781329,83,53.87,39.17,53.19,53.19
Houston,75,US,1533779700,74,29.76,-95.37,80.78,80.78
Tomatlan,64,MX,1533781330,86,19.93,-105.25,76.73,76.73
Nsanje,0,MZ,1533781330,93,-16.92,35.26,64.9,64.9
Tura,88,IN,1533781330,93,25.52,90.21,80.1,80.1
Tessalit,64,ML,1533781330,66,20.2,1.01,79.07,79.07
Puro,88,PH,1533781330,85,13.13,123.76,83.07,83.07
Atambua,0,ID,1533781331,79,-9.11,124.89,83.97,83.97
Alekseyevsk,0,RU,1533781331,57,57.84,108.35,64.4,64.4
Alexandria,1,US,1533778500,94,31.31,-92.44,79.75,79.75
Shediac,20,CA,1533780000,82,46.22,-64.55,66.2,66.2
Llandrindod Wells,88,GB,1533781331,95,52.24,-3.38,47.12,47.12
Kathu,92,ZA,1533781332,73,-27.7,23.05,44.1,44.1
Oparino,92,RU,1533781332,76,59.85,48.28,52.7,52.7
Fomboni,0,KM,1533781332,100,-12.28,43.74,75.47,75.47
Deer Lake,5,CA,1533776400,93,49.18,-57.43,57.2,57.2
Morehead,40,US,1533780360,94,38.18,-83.43,69.8,69.8
Dzhebariki-Khaya,12,RU,1533781333,70,62.22,135.8,67.28,67.28
Antalaha,64,MG,1533781333,94,-14.9,50.28,68.31,68.31
Severo-Yeniseyskiy,12,RU,1533781333,67,60.37,93.04,62.29,62.29
Albion,1,US,1533779760,83,41.69,-98,79.16,79.16
Hovd,75,NO,1533779400,93,63.83,10.7,58.93,58.93
Teliu,8,RO,1533781334,89,45.7,25.86,56.8,56.8
Saint-Leu,0,RE,1533780000,55,-21.15,55.28,64.33,64.33
Krasnogvardeyets,64,RU,1533781334,48,46.16,39.17,71.87,71.87
Mezen,32,RU,1533781334,73,65.85,44.24,56.48,56.48
Port-Gentil,64,GA,1533781335,100,-0.72,8.78,72.45,72.45
Benoy,92,RU,1533781335,83,43.06,46.02,72.5,72.5
Labuhan,48,ID,1533781335,74,-2.54,115.51,84.02,84.02
Leningradskiy,88,RU,1533781335,100,69.38,178.42,33.31,33.31
Taltal,0,CL,1533781335,80,-25.41,-70.49,52.43,52.43
Brownsville,1,US,1533779580,79,25.91,-97.49,84.27,84.27
Hirado,75,JP,1533776400,59,33.32,129.49,89.6,89.6
Sirjan,0,IR,1533781336,34,29.44,55.67,65.35,65.35
Pacific Grove,75,US,1533780660,87,36.62,-121.92,62.83,62.83
Kaka,0,TM,1533781336,62,37.35,59.62,67.55,67.55
Gbadolite,56,CD,1533781337,99,4.28,21,69.21,69.21
Arman,40,RU,1533778200,60,59.7,150.17,68.0,68
Jardim,92,BR,1533781337,98,-21.48,-56.15,61.3,61.3
Roald,12,NO,1533779400,82,62.58,6.12,58.23,58.23
Orsha,100,BY,1533781337,81,54.51,30.43,61.83,61.83
Luanda,75,AO,1533776400,88,-8.83,13.24,69.8,69.8
Glasgow,40,GB,1533779400,93,55.86,-4.24,46.31,46.31
Cermik,0,TR,1533779400,55,38.14,39.45,66.2,66.2
Makokou,92,GA,1533781338,100,0.56,12.85,69.85,69.85
Amtala,88,BD,1533781338,98,24.85,90.79,81.77,81.77
Warrington,40,GB,1533779400,82,53.39,-2.59,52.05,52.05
Hefei,0,CN,1533776400,75,31.82,117.22,89.6,89.6
Punta Alta,75,AR,1533776400,66,-27.46,-55.82,55.4,55.4
Dunedin,68,NZ,1533781339,95,-45.87,170.5,48.33,48.33
San Quintin,75,PH,1533776400,70,17.54,120.52,86.0,86
Touros,92,BR,1533781256,99,-5.2,-35.46,73.54,73.54
Cabedelo,75,BR,1533776400,88,-6.97,-34.84,73.4,73.4
La Paz,75,MX,1533779160,55,24.15,-110.32,86.0,86
Tabou,64,CI,1533781340,100,4.42,-7.36,77.41,77.41
Ulaanbaatar,20,MN,1533780000,63,47.92,106.92,66.2,66.2
Dera Ghazi Khan,12,PK,1533781341,94,30.03,70.64,82.45,82.45
Ust-Uda,8,RU,1533781341,69,54.17,103.03,68.72,68.72
Arua,0,UG,1533781341,91,3.02,30.91,60.08,60.08
Saint-Francois,0,FR,1533780000,88,46.42,3.91,68.0,68
Iskateley,0,RU,1533781341,66,67.68,53.15,55.26,55.26
Bandundu,44,CD,1533781342,85,-3.32,17.38,73.9,73.9
Ahipara,32,NZ,1533781342,83,-35.17,173.16,58.1,58.1
Atasu,0,KZ,1533781342,71,48.68,71.64,72.27,72.27
General Roca,0,AR,1533776400,73,-39.03,-67.58,44.6,44.6
Bagdarin,0,RU,1533781342,77,54.44,113.59,59.18,59.18
Beckley,75,US,1533779700,83,37.78,-81.19,67.91,67.91
Viana,90,ES,1533780000,82,42.52,-2.37,65.05,65.05
Macau,0,BR,1533781343,74,-5.11,-36.64,75.06,75.06
Whyalla,0,AU,1533780000,42,-33.04,137.58,66.2,66.2
Oliva,0,AR,1533781343,45,-32.04,-63.57,44.87,44.87
Anloga,40,GH,1533780000,83,5.79,0.9,77.0,77
Kilindoni,0,TZ,1533781343,100,-7.91,39.67,74.89,74.89
Nelson Bay,20,AU,1533780000,37,-32.72,152.14,66.2,66.2
Bafq,0,IR,1533781344,30,31.6,55.4,70.56,70.56
Houma,20,CN,1533781344,72,35.63,111.36,85.73,85.73
Melton,75,AU,1533780000,54,-37.68,144.58,54.21,54.21
Nova Gradiska,0,HR,1533780000,93,45.26,17.38,66.2,66.2
Khandbari,0,NP,1533781345,62,27.38,87.21,49.24,49.24
Del Rio,1,US,1533779580,34,29.36,-100.9,95.0,95
Vila Franca do Campo,20,PT,1533780000,82,37.72,-25.43,68.0,68
Anshun,12,CN,1533781345,87,26.25,105.93,74.25,74.25
Porbandar,92,IN,1533781290,89,21.64,69.61,79.88,79.88
Adrar,56,DZ,1533780000,18,27.87,-0.29,91.4,91.4
San Marcos de Colon,8,HN,1533781346,61,13.43,-86.8,81.27,81.27
Ulaangom,8,MN,1533781346,83,49.98,92.07,61.52,61.52
Dalbandin,0,PK,1533781346,19,28.9,64.41,79.88,79.88
Hearst,36,CA,1533781346,89,49.69,-83.67,63.77,63.77
Chicama,90,PE,1533776400,88,-7.84,-79.15,62.6,62.6
Imbituba,40,BR,1533776400,93,-28.24,-48.67,62.6,62.6
Khonsa,56,IN,1533781347,90,26.99,95.51,78.66,78.66
Tuxtla,56,MX,1533781347,86,20,-97.65,54.72,54.72
Magnolia,40,US,1533780900,83,33.27,-93.24,73.96,73.96
Furano,75,JP,1533777780,82,43.28,142.47,67.06,67.06
Pitimbu,75,BR,1533776400,88,-7.47,-34.81,73.4,73.4
Maniitsoq,92,GL,1533781348,100,65.42,-52.9,39.87,39.87
Brufut,75,GM,1533780000,100,13.38,-16.75,75.2,75.2
Gemena,80,CD,1533781348,99,3.25,19.78,70.66,70.66
Yar-Sale,92,RU,1533781349,100,66.83,70.83,48.65,48.65
Camargo,8,MX,1533781349,24,27.69,-105.17,83.12,83.12
Jiuquan,0,CN,1533781349,45,39.73,98.49,74.03,74.03
Kungurtug,64,RU,1533781349,89,50.6,97.53,56.25,56.25
Tommot,36,RU,1533781350,73,58.97,126.27,67.28,67.28
Yakeshi,48,CN,1533781170,93,49.28,120.73,69.21,69.21
Shetpe,92,KZ,1533781350,86,44.14,52.16,71.56,71.56
Aklavik,90,CA,1533780000,75,68.22,-135.01,44.6,44.6
Iberia,0,PE,1533781350,91,-11.41,-69.49,71.78,71.78
Los Chiles,88,CR,1533781350,99,11.04,-84.71,74.07,74.07
Chistogorskiy,0,RU,1533781350,71,53.98,87.38,68.5,68.5
Udachnyy,0,RU,1533781351,64,66.42,112.4,60.21,60.21
Sri Aman,12,MY,1533781351,73,1.24,111.46,85.6,85.6
Brokopondo,20,SR,1533780000,94,5.06,-54.98,75.2,75.2
Kantang,20,TH,1533776400,88,7.42,99.52,78.8,78.8
Pisco,90,PE,1533776400,82,-13.71,-76.2,62.6,62.6
Mlowo,0,TZ,1533781351,86,-9.01,33,48.25,48.25
Urengoy,24,RU,1533781352,98,65.96,78.37,61.2,61.2
Xichang,80,CN,1533781352,84,27.88,102.25,62.15,62.15
Arroio Grande,8,BR,1533781321,100,-32.24,-53.09,51.62,51.62
Kolobrzeg,44,PL,1533781352,93,54.18,15.58,68.9,68.9
Pastavy,0,BY,1533781352,84,55.11,26.84,58.32,58.32
Staunton,40,US,1533779700,100,38.15,-79.07,70.39,70.39
Atikokan,68,CA,1533781353,86,48.76,-91.62,66.06,66.06
Mehriz,0,IR,1533776400,19,31.58,54.44,78.8,78.8
Kysyl-Syr,92,RU,1533781353,63,63.9,122.77,68.05,68.05
Lake Havasu City,1,US,1533779760,20,34.47,-114.34,107.73,107.73
Hwange,0,ZW,1533781353,58,-18.35,26.5,55.85,55.85
Belmonte,0,PT,1533781354,84,40.36,-7.35,55.35,55.35
Perbal,0,HU,1533780000,82,47.59,18.76,68.0,68
Rio Grande,48,BR,1533781354,98,-32.03,-52.1,52.83,52.83
Alyangula,0,AU,1533781354,84,-13.85,136.42,79.3,79.3
Albury,76,AU,1533780000,71,-36.08,146.92,49.48,49.48
Tagusao,8,PH,1533781354,78,9.19,117.81,85.55,85.55
Nanjing,75,CN,1533776400,74,32.06,118.79,87.8,87.8
Muyezerskiy,56,RU,1533781355,65,63.93,31.65,57.92,57.92
Glace Bay,40,CA,1533780000,93,46.2,-59.96,64.4,64.4
Windsor,40,US,1533778740,94,42.3,-83.03,75.0,75
Turinsk,92,RU,1533781356,100,58.04,63.7,58.82,58.82
Ajaccio,0,FR,1533780000,78,41.93,8.74,71.1,71.1
Aksehir,0,TR,1533781356,95,38.36,31.42,54.1,54.1
Boditi,32,ET,1533781356,91,6.95,37.86,49.28,49.28
